23
1
1 100 1 0 1 0 0 32
3600 10 0 0
1
2 100 1 0 1 0 0 32
3600 10 0 0
1
3 100 1 0 1 0 0 32
3600 10 0 0
1
4 100 1 0 1 0 0 32
3600 10 0 0
1
1 0 1 0 1 0 0 32
3600 10 0 0
1
2 0 1 0 1 0 0 32
3600 10 0 0
1
3 0 1 0 1 0 0 32
3600 10 0 0
1
4 0 1 0 1 0 0 32
3600 10 0 0
1
1 100 1 0 2048 0 0 8
3600 10 0 0
1
2 100 1 0 2048 0 0 8
3600 10 0 0
1
3 100 1 0 2048 0 0 8
3600 10 0 0
1
4 100 1 0 2048 0 0 8
3600 10 0 0
1
1 0 1 0 2048 0 0 8
3600 10 0 0
1
2 0 1 0 2048 0 0 8
3600 10 0 0
1
3 0 1 0 2048 0 0 8
3600 10 0 0
1
4 0 1 0 2048 0 0 8
3600 10 0 0
4
1 100 1 0 2048 0 0 4
2 100 1 0 2048 0 0 4
3 100 1 0 2048 0 0 4
4 100 1 0 2048 0 0 4
3600 10 0 0
4
1 0 1 0 2048 0 0 4
2 0 1 0 2048 0 0 4
3 0 1 0 2048 0 0 4
4 0 1 0 2048 0 0 4
3600 10 0 0
4
1 100 1 0 1 0 0 32
2 100 1 0 1 0 0 32
3 100 1 0 1 0 0 32
4 100 1 0 1 0 0 32
3600 10 0 0
4
1 0 1 0 1 0 0 32
2 0 1 0 1 0 0 32
3 0 1 0 1 0 0 32
4 0 1 0 1 0 0 32
3600 10 0 0
8
1 100 1 0 2048 0 0 4
1 0 1 0 2048 0 0 4
2 100 1 0 2048 0 0 4
2 0 1 0 2048 0 0 4
3 100 1 0 2048 0 0 4
3 0 1 0 2048 0 0 4
4 100 1 0 2048 0 0 4
4 0 1 0 2048 0 0 4
3600 10 0 0
8
1 100 1 0 1 0 0 32
1 0 1 0 1 0 0 32
2 100 1 0 1 0 0 32
2 0 1 0 1 0 0 32
3 100 1 0 1 0 0 32
3 0 1 0 1 0 0 32
4 100 1 0 1 0 0 32
4 0 1 0 1 0 0 32
3600 10 0 0
16
1 100 1 0 1 0 0 32
1 0 1 0 1 0 0 32
1 100 1 0 2048 0 0 4
1 0 1 0 2048 0 0 4
2 100 1 0 1 0 0 32
2 0 1 0 1 0 0 32
2 100 1 0 2048 0 0 4
2 0 1 0 2048 0 0 4
3 100 1 0 1 0 0 32
3 0 1 0 1 0 0 32
3 100 1 0 2048 0 0 4
3 0 1 0 2048 0 0 4
4 100 1 0 1 0 0 32
4 0 1 0 1 0 0 32
4 100 1 0 2048 0 0 4
4 0 1 0 2048 0 0 4
3600 10 0 0
